jhp1117 박지홍 21 여 35 3 8 17 80 55 0
lse_lse 이상의 21 여 27 39 47 17 93 7 19 0
101cys 최윤석 24 남 28 39 48 37 93 48 17 72 0
kjp07 김진표 21 남 38 92 83 72 29 18 94 72 0
8878kyonggi 김연우 42 여 38 49 27 39 40 18 26 94 0
1234qwer 이은미 33 여 38 94 27 39 17 92 73 0
kkk 김경구 35 남 8 29 38 71 93 72 49 38 77 27 0
lee 이준호 42 남 9 83 38 40 18 88 74 93 82 27 9 0
choi123 최윤희 32 여 28 39 47 27 17 83 94 0
kjs 김준석 22 남 38 29 38 49 4 9 0
kang 강영경 45 여 48 29 40 26 18 74 83 92 85 37 9 0
memi 문미영 33 여 8 4 23 43 82 71 26 48 28 19 27 0